1: 2 4 7 9 13 15 18 20 25 27 30 32 36 38 41 43
2: 1 3 6 8 12 14 17 19 24 26 29 31 35 37 40 42
3: 2 5 7 10 13 16 18 21 25 28 30 33 36 39 41 44
4: 1 5 6 10 12 16 17 21 24 28 29 33 35 39 40 44
5: 3 4 8 9 14 15 19 20 26 27 31 32 37 38 42 43
6: 2 4 11 13 15 22 25 27 34 36 38 45
7: 1 3 11 12 14 22 24 26 34 35 37 45
8: 2 5 11 13 16 22 25 28 34 36 39 45
9: 1 5 11 12 16 22 24 28 34 35 39 45
10: 3 4 11 14 15 22 26 27 34 37 38 45
11: 6 7 8 9 10 17 18 19 20 21 29 30 31 32 33 40 41 42 43 44
12: 2 4 7 9 23 25 27 30 32 46
13: 1 3 6 8 23 24 26 29 31 46
14: 2 5 7 10 23 25 28 30 33 46
15: 1 5 6 10 23 24 28 29 33 46
16: 3 4 8 9 23 26 27 31 32 46
17: 2 4 11 23 25 27 34 46
18: 1 3 11 23 24 26 34 46
19: 2 5 11 23 25 28 34 46
20: 1 5 11 23 24 28 34 46
21: 3 4 11 23 26 27 34 46
22: 6 7 8 9 10 23 29 30 31 32 33 46
23: 12 13 14 15 16 17 18 19 20 21 22 35 36 37 38 39 40 41 42 43 44 45
24: 2 4 7 9 13 15 18 20 47
25: 1 3 6 8 12 14 17 19 47
26: 2 5 7 10 13 16 18 21 47
27: 1 5 6 10 12 16 17 21 47
28: 3 4 8 9 14 15 19 20 47
29: 2 4 11 13 15 22 47
30: 1 3 11 12 14 22 47
31: 2 5 11 13 16 22 47
32: 1 5 11 12 16 22 47
33: 3 4 11 14 15 22 47
34: 6 7 8 9 10 17 18 19 20 21 47
35: 2 4 7 9 23 47
36: 1 3 6 8 23 47
37: 2 5 7 10 23 47
38: 1 5 6 10 23 47
39: 3 4 8 9 23 47
40: 2 4 11 23 47
41: 1 3 11 23 47
42: 2 5 11 23 47
43: 1 5 11 23 47
44: 3 4 11 23 47
45: 6 7 8 9 10 23 47
46: 12 13 14 15 16 17 18 19 20 21 22 47
47: 24 25 26 27 28 29 30 31 32 33 34 35 36 37 38 39 40 41 42 43 44 45 46
