1: 2 4 11 13 32 34 41 43
2: 1 3 10 12 31 33 40 42
3: 2 6 8 11 15 17 32 36 38 41 45 47
4: 1 5 8 10 14 17 31 35 38 40 44 47
5: 4 7 9 13 16 18 34 37 39 43 46 48
6: 3 7 9 12 16 18 33 37 39 42 46 48
7: 5 6 8 9 14 15 17 18 35 36 38 39 44 45 47 48
8: 3 4 7 9 12 13 16 18 33 34 37 39 42 43 46 48
9: 5 6 7 8 14 15 16 17 35 36 37 38 44 45 46 47
10: 2 4 20 22 29 32 34 50 52 59
11: 1 3 19 21 29 31 33 49 51 59
12: 2 6 8 20 24 26 29 32 36 38 50 54 56 59
13: 1 5 8 19 23 26 29 31 35 38 49 53 56 59
14: 4 7 9 22 25 27 29 34 37 39 52 55 57 59
15: 3 7 9 21 25 27 29 33 37 39 51 55 57 59
16: 5 6 8 9 23 24 26 27 29 35 36 38 39 53 54 56 57 59
17: 3 4 7 9 21 22 25 27 29 33 34 37 39 51 52 55 57 59
18: 5 6 7 8 23 24 25 26 29 35 36 37 38 53 54 55 56 59
19: 11 13 28 30 41 43 58 60
20: 10 12 28 30 40 42 58 60
21: 11 15 17 28 30 41 45 47 58 60
22: 10 14 17 28 30 40 44 47 58 60
23: 13 16 18 28 30 43 46 48 58 60
24: 12 16 18 28 30 42 46 48 58 60
25: 14 15 17 18 28 30 44 45 47 48 58 60
26: 12 13 16 18 28 30 42 43 46 48 58 60
27: 14 15 16 17 28 30 44 45 46 47 58 60
28: 19 20 21 22 23 24 25 26 27 29 30 49 50 51 52 53 54 55 56 57 59 60
29: 10 11 12 13 14 15 16 17 18 28 30 40 41 42 43 44 45 46 47 48 58 60
30: 19 20 21 22 23 24 25 26 27 28 29 49 50 51 52 53 54 55 56 57 58 59
31: 2 4 11 13 62 64 71 73 92
32: 1 3 10 12 61 63 70 72 92
33: 2 6 8 11 15 17 62 66 68 71 75 77 92
34: 1 5 8 10 14 17 61 65 68 70 74 77 92
35: 4 7 9 13 16 18 64 67 69 73 76 78 92
36: 3 7 9 12 16 18 63 67 69 72 76 78 92
37: 5 6 8 9 14 15 17 18 65 66 68 69 74 75 77 78 92
38: 3 4 7 8 9 12 13 16 18 63 64 67 69 72 73 76 78 92
39: 5 6 7 8 14 15 16 17 65 66 67 68 74 75 76 77 92
40: 2 4 20 22 29 62 64 80 82 89 92
41: 1 3 19 21 29 61 63 79 81 89 92
42: 2 6 8 20 24 26 29 62 66 68 80 84 86 89 92
43: 1 5 8 19 23 26 29 61 65 68 79 83 86 89 92
44: 4 7 9 22 25 27 29 64 67 69 82 85 87 89 92
45: 3 7 9 21 25 27 29 63 67 69 81 85 87 89 92
46: 5 6 8 9 23 24 26 27 29 65 66 68 69 83 84 86 87 89 92
47: 3 4 7 9 21 22 25 27 29 63 64 67 69 81 82 85 87 89 92
48: 5 6 7 8 23 24 25 26 29 65 66 67 68 83 84 85 86 89 92
49: 11 13 28 30 71 73 88 90 92
50: 10 12 28 30 70 72 88 90 92
51: 11 15 17 28 30 71 75 77 88 90 92
52: 10 14 17 28 30 70 74 77 88 90 92
53: 13 16 18 28 30 73 76 78 88 90 92
54: 12 16 18 28 30 72 76 78 88 90 92
55: 14 15 17 18 28 30 74 75 77 78 88 90 92
56: 12 13 16 18 28 30 72 73 76 78 88 90 92
57: 14 15 16 17 28 30 74 75 76 77 88 90 92
58: 19 20 21 22 23 24 25 26 27 29 30 79 80 81 82 83 84 85 86 87 89 90 92
59: 10 11 12 13 14 15 16 17 18 28 30 70 71 72 73 74 75 76 77 78 88 90 92
60: 19 20 21 22 23 24 25 26 27 28 29 79 80 81 82 83 84 85 86 87 88 89 92
61: 32 34 41 43 91 93
62: 31 33 40 42 91 93
63: 32 36 38 41 45 47 91 93
64: 31 35 38 40 44 47 91 93
65: 34 37 39 43 46 48 91 93
66: 33 37 39 42 46 48 91 93
67: 35 36 38 39 44 45 47 48 91 93
68: 33 34 37 39 42 43 46 48 91 93
69: 35 36 37 38 44 45 46 47 91 93
70: 32 34 50 52 59 91 93
71: 31 33 49 51 59 91 93
72: 32 36 38 50 54 56 59 91 93
73: 31 35 38 49 53 56 59 91 93
74: 34 37 39 52 55 57 59 91 93
75: 33 37 39 51 55 57 59 91 93
76: 35 36 38 39 53 54 56 57 59 91 93
77: 33 34 37 39 51 52 55 57 59 91 93
78: 35 36 37 38 53 54 55 56 59 91 93
79: 41 43 58 60 91 93
80: 40 42 58 60 91 93
81: 41 45 47 58 60 91 93
82: 40 44 47 58 60 91 93
83: 43 46 48 58 60 91 93
84: 42 46 48 58 60 91 93
85: 44 45 47 48 58 60 91 93
86: 42 43 46 48 58 60 91 93
87: 44 45 46 47 58 60 91 93
88: 49 50 51 52 53 54 55 56 57 59 60 91 93
89: 40 41 42 43 44 45 46 47 48 58 60 91 93
90: 49 50 51 52 53 54 55 56 57 58 59 91 93
91: 61 62 63 64 65 66 67 68 69 70 71 72 73 74 75 76 77 78 79 80 81 82 83 84 85 86 87 88 89 90 92 93
92: 31 32 33 34 35 36 37 38 39 40 41 42 43 44 45 46 47 48 49 50 51 52 53 54 55 56 57 58 59 60 91 93
93: 61 62 63 64 65 66 67 68 69 70 71 72 73 74 75 76 77 78 79 80 81 82 83 84 85 86 87 88 89 90 91 92