1: 2 4 20 22
2: 1 3 19 21
3: 2 6 14 20 24 32
4: 1 5 14 19 23 32
5: 4 8 15 22 26 33
6: 3 7 15 21 25 33
7: 6 10 16 24 28 34
8: 5 9 16 23 27 34
9: 8 12 17 26 30 35
10: 7 11 17 25 29 35
11: 10 13 18 28 31 36
12: 9 13 18 27 31 36
13: 11 12 14 15 16 17 18 29 30 32 33 34 35 36
14: 3 4 13 15 16 17 18 21 22 31 33 34 35 36
15: 5 6 13 14 16 17 18 23 24 31 32 34 35 36
16: 7 8 13 14 15 17 18 25 26 31 32 33 35 36
17: 9 10 13 14 15 16 18 27 28 31 32 33 34 36
18: 11 12 13 14 15 16 17 29 30 31 32 33 34 35
19: 2 4 38 40 110
20: 1 3 37 39 110
21: 2 6 14 38 42 50 110
22: 1 5 14 37 41 50 110
23: 4 8 15 40 44 51 110
24: 3 7 15 39 43 51 110
25: 6 10 16 42 46 52 110
26: 5 9 16 41 45 52 110
27: 8 12 17 44 48 53 110
28: 7 11 17 43 47 53 110
29: 10 13 18 46 49 54 110
30: 9 13 18 45 49 54 110
31: 11 12 14 15 16 17 18 47 48 50 51 52 53 54 110
32: 3 4 13 15 16 17 18 39 40 49 51 52 53 54 110
33: 5 6 13 14 16 17 18 41 42 49 50 52 53 54 110
34: 7 8 13 14 15 17 18 43 44 49 50 51 53 54 110
35: 9 10 13 14 15 16 18 45 46 49 50 51 52 54 110
36: 11 12 13 14 15 16 17 47 48 49 50 51 52 53 110
37: 20 22 56 58 111
38: 19 21 55 57 111
39: 20 24 32 56 60 68 111
40: 19 23 32 55 59 68 111
41: 22 26 33 58 62 69 111
42: 21 25 33 57 61 69 111
43: 24 28 34 60 64 70 111
44: 23 27 34 59 63 70 111
45: 26 30 35 62 66 71 111
46: 25 29 35 61 65 71 111
47: 28 31 36 64 67 72 111
48: 27 31 36 63 67 72 111
49: 29 30 32 33 34 35 36 65 66 68 69 70 71 72 111
50: 21 22 31 33 34 35 36 57 58 67 69 70 71 72 111
51: 23 24 31 32 34 35 36 59 60 67 68 70 71 72 111
52: 25 26 31 32 33 35 36 61 62 67 68 69 71 72 111
53: 27 28 31 32 33 34 36 63 64 67 68 69 70 72 111
54: 29 30 31 32 33 34 35 65 66 67 68 69 70 71 111
55: 38 40 74 76 112
56: 37 39 73 75 112
57: 38 42 50 74 78 86 112
58: 37 41 50 73 77 86 112
59: 40 44 51 76 80 87 112
60: 39 43 51 75 79 87 112
61: 42 46 52 78 82 88 112
62: 41 45 52 77 81 88 112
63: 44 48 53 80 84 89 112
64: 43 47 53 79 83 89 112
65: 46 49 54 82 85 90 112
66: 45 49 54 81 85 90 112
67: 47 48 50 51 52 53 54 83 84 86 87 88 89 90 112
68: 39 40 49 51 52 53 54 75 76 85 87 88 89 90 112
69: 41 42 49 50 52 53 54 77 78 85 86 88 89 90 112
70: 43 44 49 50 51 53 54 79 80 85 86 87 89 90 112
71: 45 46 49 50 51 52 54 81 82 85 86 87 88 90 112
72: 47 48 49 50 51 52 53 83 84 85 86 87 88 89 112
73: 56 58 92 94 113
74: 55 57 91 93 113
75: 56 60 68 92 96 104 113
76: 55 59 68 91 95 104 113
77: 58 62 69 94 98 105 113
78: 57 61 69 93 97 105 113
79: 60 64 70 96 100 106 113
80: 59 63 70 95 99 106 113
81: 62 66 71 98 102 107 113
82: 61 65 71 97 101 107 113
83: 64 67 72 100 103 108 113
84: 63 67 72 99 103 108 113
85: 65 66 68 69 70 71 72 101 102 104 105 106 107 108 113
86: 57 58 67 69 70 71 72 93 94 103 105 106 107 108 113
87: 59 60 67 68 70 71 72 95 96 103 104 106 107 108 113
88: 61 62 67 68 69 71 72 97 98 103 104 105 107 108 113
89: 63 64 67 68 69 70 72 99 100 103 104 105 106 108 113
90: 65 66 67 68 69 70 71 101 102 103 104 105 106 107 113
91: 74 76 109 114
92: 73 75 109 114
93: 74 78 86 109 114
94: 73 77 86 109 114
95: 76 80 87 109 114
96: 75 79 87 109 114
97: 78 82 88 109 114
98: 77 81 88 109 114
99: 80 84 89 109 114
100: 79 83 89 109 114
101: 82 85 90 109 114
102: 81 85 90 109 114
103: 83 84 86 87 88 89 90 109 114
104: 75 76 85 87 88 89 90 109 114
105: 77 78 85 86 88 89 90 109 114
106: 79 80 85 86 87 89 90 109 114
107: 81 82 85 86 87 88 90 109 114
108: 83 84 85 86 87 88 89 109 114
109: 91 92 93 94 95 96 97 98 99 100 101 102 103 104 105 106 107 108 110 111 112 113 114
110: 19 20 21 22 23 24 25 26 27 28 29 30 31 32 33 34 35 36 109 111 112 113 114
111: 37 38 39 40 41 42 43 44 45 46 47 48 49 50 51 52 53 54 109 110 112 113 114
112: 55 56 57 58 59 60 61 62 63 64 65 66 67 68 69 70 71 72 109 110 111 113 114
113: 73 74 75 76 77 78 79 80 81 82 83 84 85 86 87 88 89 90 109 110 111 112 114
114: 91 92 93 94 95 96 97 98 99 100 101 102 103 104 105 106 107 108 109 110 111 112 113
