1: 2 4 11 13 32 34 41 43 95 97 104 106 125 127 134 136
2: 1 3 10 12 31 33 40 42 94 96 103 105 124 126 133 135
3: 2 6 8 11 15 17 32 36 38 41 45 47 95 99 101 104 108 110 125 129 131 134 138 140
4: 1 5 8 10 14 17 31 35 38 40 44 47 94 98 101 103 107 110 124 128 131 133 137 140
5: 4 7 9 13 16 18 34 37 39 43 46 48 97 100 102 106 109 111 127 130 132 136 139 141
6: 3 7 9 12 16 18 33 37 39 42 46 48 96 100 102 105 109 111 126 130 132 135 139 141
7: 5 6 8 9 14 15 17 18 35 36 38 39 44 45 47 48 98 99 101 102 107 108 110 111 128 129 131 132 137 138 140 141
8: 3 4 7 9 12 13 16 18 33 34 37 39 42 43 46 48 96 97 100 102 105 106 109 111 126 127 130 132 135 136 139 141
9: 5 6 7 8 14 15 16 17 35 36 37 38 44 45 46 47 98 99 100 101 107 108 109 110 128 129 130 131 137 138 139 140
10: 2 4 20 22 29 32 34 50 52 59 95 97 113 115 122 125 127 143 145 152
11: 1 3 19 21 29 31 33 49 51 59 94 96 112 114 122 124 126 142 144 152
12: 2 6 8 20 24 26 29 32 36 38 50 54 56 59 95 99 101 113 117 119 122 125 129 131 143 147 149 152
13: 1 5 8 19 23 26 29 31 35 38 49 53 56 59 94 98 101 112 116 119 122 124 128 131 142 146 149 152
14: 4 7 9 22 25 27 29 34 37 39 52 55 57 59 97 100 102 115 118 120 122 127 130 132 145 148 150 152
15: 3 7 9 21 25 27 29 33 37 39 51 55 57 59 96 100 102 114 118 120 122 126 130 132 144 148 150 152
16: 5 6 8 9 23 24 26 27 29 35 36 38 39 53 54 56 57 59 98 99 101 102 116 117 119 120 122 128 129 131 132 146 147 149 150 152
17: 3 4 7 9 21 22 25 27 29 33 34 37 39 51 52 55 57 59 96 97 100 102 114 115 118 120 122 126 127 130 132 144 145 148 150 152
18: 5 6 7 8 23 24 25 26 29 35 36 37 38 53 54 55 56 59 98 99 100 101 116 117 118 119 122 128 129 130 131 146 147 148 149 152
19: 11 13 28 30 41 43 58 60 104 106 121 123 134 136 151 153
20: 10 12 28 30 40 42 58 60 103 105 121 123 133 135 151 153
21: 11 15 17 28 30 41 45 47 58 60 104 108 110 121 123 134 138 140 151 153
22: 10 14 17 28 30 40 44 47 58 60 103 107 110 121 123 133 137 140 151 153
23: 13 16 18 28 30 43 46 48 58 60 106 109 111 121 123 136 139 141 151 153
24: 12 16 18 28 30 42 46 48 58 60 105 109 111 121 123 135 139 141 151 153
25: 14 15 17 18 28 30 44 45 47 48 58 60 107 108 110 111 121 123 137 138 140 141 151 153
26: 12 13 16 18 28 30 42 43 46 48 58 60 105 106 109 111 121 123 135 136 139 141 151 153
27: 14 15 16 17 28 30 44 45 46 47 58 60 107 108 109 110 121 123 137 138 139 140 151 153
28: 19 20 21 22 23 24 25 26 27 29 30 49 50 51 52 53 54 55 56 57 59 60 112 113 114 115 116 117 118 119 120 122 123 142 143 144 145 146 147 148 149 150 152 153
29: 10 11 12 13 14 15 16 17 18 28 30 40 41 42 43 44 45 46 47 48 58 60 103 104 105 106 107 108 109 110 111 121 123 133 134 135 136 137 138 139 140 141 151 153
30: 19 20 21 22 23 24 25 26 27 28 29 49 50 51 52 53 54 55 56 57 58 59 112 113 114 115 116 117 118 119 120 121 122 142 143 144 145 146 147 148 149 150 151 152
31: 2 4 11 13 62 64 71 73 92 95 97 104 106 155 157 164 166 185
32: 1 3 10 12 61 63 70 72 92 94 96 103 105 154 156 163 165 185
33: 2 6 8 11 15 17 62 66 68 71 75 77 92 95 99 101 104 108 110 155 159 161 164 168 170 185
34: 1 5 8 10 14 17 61 65 68 70 74 77 92 94 98 101 103 107 110 154 158 161 163 167 170 185
35: 4 7 9 13 16 18 64 67 69 73 76 78 92 97 100 102 106 109 111 157 160 162 166 169 171 185
36: 3 7 9 12 16 18 63 67 69 72 76 78 92 96 100 102 105 109 111 156 160 162 165 169 171 185
37: 5 6 8 9 14 15 17 18 65 66 68 69 74 75 77 78 92 98 99 101 102 107 108 110 111 158 159 161 162 167 168 170 171 185
38: 3 4 7 9 12 13 16 18 63 64 67 69 72 73 76 78 92 96 97 100 102 105 106 109 111 156 157 160 162 165 166 169 171 185
39: 5 6 7 8 14 15 16 17 65 66 67 68 74 75 76 77 92 98 99 100 101 107 108 109 110 158 159 160 161 167 168 169 170 185
40: 2 4 20 22 29 62 64 80 82 89 92 95 97 113 115 122 155 157 173 175 182 185
41: 1 3 19 21 29 61 63 79 81 89 92 94 96 112 114 122 154 156 172 174 182 185
42: 2 6 8 20 24 26 29 62 66 68 80 84 86 89 92 95 99 101 113 117 119 122 155 159 161 173 177 179 182 185
43: 1 5 8 19 23 26 29 61 65 68 79 83 86 89 92 94 98 101 112 116 119 122 154 158 161 172 176 179 182 185
44: 4 7 9 22 25 27 29 64 67 69 82 85 87 89 92 97 100 102 115 118 120 122 157 160 162 175 178 180 182 185
45: 3 7 9 21 25 27 29 63 67 69 81 85 87 89 92 96 100 102 114 118 120 122 156 160 162 174 178 180 182 185
46: 5 6 8 9 23 24 26 27 29 65 66 68 69 83 84 86 87 89 92 98 99 101 102 116 117 119 120 122 158 159 161 162 176 177 179 180 182 185
47: 3 4 7 9 21 22 25 27 29 63 64 67 69 81 82 85 87 89 92 96 97 100 102 114 115 118 120 122 156 157 160 162 174 175 178 180 182 185
48: 5 6 7 8 23 24 25 26 29 65 66 67 68 83 84 85 86 89 92 98 99 100 101 116 117 118 119 122 158 159 160 161 176 177 178 179 182 185
49: 11 13 28 30 71 73 88 90 92 104 106 121 123 164 166 181 183 185
50: 10 12 28 30 70 72 88 90 92 103 105 121 123 163 165 181 183 185
51: 11 15 17 28 30 71 75 77 88 90 92 104 108 110 121 123 164 168 170 181 183 185
52: 10 14 17 28 30 70 74 77 88 90 92 103 107 110 121 123 163 167 170 181 183 185
53: 13 16 18 28 30 73 76 78 88 90 92 106 109 111 121 123 166 169 171 181 183 185
54: 12 16 18 28 30 72 76 78 88 90 92 105 109 111 121 123 165 169 171 181 183 185
55: 14 15 17 18 28 30 74 75 77 78 88 90 92 107 108 110 111 121 123 167 168 170 171 181 183 185
56: 12 13 16 18 28 30 72 73 76 78 88 90 92 105 106 109 111 121 123 165 166 169 171 181 183 185
57: 14 15 16 17 28 30 74 75 76 77 88 90 92 107 108 109 110 121 123 167 168 169 170 181 183 185
58: 19 20 21 22 23 24 25 26 27 29 30 79 80 81 82 83 84 85 86 87 89 90 92 112 113 114 115 116 117 118 119 120 122 123 172 173 174 175 176 177 178 179 180 182 183 185
59: 10 11 12 13 14 15 16 17 18 28 30 70 71 72 73 74 75 76 77 78 88 90 92 103 104 105 106 107 108 109 110 111 121 123 163 164 165 166 167 168 169 170 171 181 183 185
60: 19 20 21 22 23 24 25 26 27 28 29 79 80 81 82 83 84 85 86 87 88 89 92 112 113 114 115 116 117 118 119 120 121 122 172 173 174 175 176 177 178 179 180 181 182 185
61: 32 34 41 43 91 93 125 127 134 136 184 186
62: 31 33 40 42 91 93 124 126 133 135 184 186
63: 32 36 38 41 45 47 91 93 125 129 131 134 138 140 184 186
64: 31 35 38 40 44 47 91 93 124 128 131 133 137 140 184 186
65: 34 37 39 43 46 48 91 93 127 130 132 136 139 141 184 186
66: 33 37 39 42 46 48 91 93 126 130 132 135 139 141 184 186
67: 35 36 38 39 44 45 47 48 91 93 128 129 131 132 137 138 140 141 184 186
68: 33 34 37 39 42 43 46 48 91 93 126 127 130 132 135 136 139 141 184 186
69: 35 36 37 38 44 45 46 47 91 93 128 129 130 131 137 138 139 140 184 186
70: 32 34 50 52 59 91 93 125 127 143 145 152 184 186
71: 31 33 49 51 59 91 93 124 126 142 144 152 184 186
72: 32 36 38 50 54 56 59 91 93 125 129 131 143 147 149 152 184 186
73: 31 35 38 49 53 56 59 91 93 124 128 131 142 146 149 152 184 186
74: 34 37 39 52 55 57 59 91 93 127 130 132 145 148 150 152 184 186
75: 33 37 39 51 55 57 59 91 93 126 130 132 144 148 150 152 184 186
76: 35 36 38 39 53 54 56 57 59 91 93 128 129 131 132 146 147 149 150 152 184 186
77: 33 34 37 39 51 52 55 57 59 91 93 126 127 130 132 144 145 148 150 152 184 186
78: 35 36 37 38 53 54 55 56 59 91 93 128 129 130 131 146 147 148 149 152 184 186
79: 41 43 58 60 91 93 134 136 151 153 184 186
80: 40 42 58 60 91 93 133 135 151 153 184 186
81: 41 45 47 58 60 91 93 134 138 140 151 153 184 186
82: 40 44 47 58 60 91 93 133 137 140 151 153 184 186
83: 43 46 48 58 60 91 93 136 139 141 151 153 184 186
84: 42 46 48 58 60 91 93 135 139 141 151 153 184 186
85: 44 45 47 48 58 60 91 93 137 138 140 141 151 153 184 186
86: 42 43 46 48 58 60 91 93 135 136 139 141 151 153 184 186
87: 44 45 46 47 58 60 91 93 137 138 139 140 151 153 184 186
88: 49 50 51 52 53 54 55 56 57 59 60 91 93 142 143 144 145 146 147 148 149 150 152 153 184 186
89: 40 41 42 43 44 45 46 47 48 58 60 91 93 133 134 135 136 137 138 139 140 141 151 153 184 186
90: 49 50 51 52 53 54 55 56 57 58 59 91 93 142 143 144 145 146 147 148 149 150 151 152 184 186
91: 61 62 63 64 65 66 67 68 69 70 71 72 73 74 75 76 77 78 79 80 81 82 83 84 85 86 87 88 89 90 92 93 154 155 156 157 158 159 160 161 162 163 164 165 166 167 168 169 170 171 172 173 174 175 176 177 178 179 180 181 182 183 185 186
92: 31 32 33 34 35 36 37 38 39 40 41 42 43 44 45 46 47 48 49 50 51 52 53 54 55 56 57 58 59 60 91 93 124 125 126 127 128 129 130 131 132 133 134 135 136 137 138 139 140 141 142 143 144 145 146 147 148 149 150 151 152 153 184 186
93: 61 62 63 64 65 66 67 68 69 70 71 72 73 74 75 76 77 78 79 80 81 82 83 84 85 86 87 88 89 90 91 92 154 155 156 157 158 159 160 161 162 163 164 165 166 167 168 169 170 171 172 173 174 175 176 177 178 179 180 181 182 183 184 185
94: 2 4 11 13 32 34 41 43 188 190 197 199 218 220 227 229 281
95: 1 3 10 12 31 33 40 42 187 189 196 198 217 219 226 228 281
96: 2 6 8 11 15 17 32 36 38 41 45 47 188 192 194 197 201 203 218 222 224 227 231 233 281
97: 1 5 8 10 14 17 31 35 38 40 44 47 187 191 194 196 200 203 217 221 224 226 230 233 281
98: 4 7 9 13 16 18 34 37 39 43 46 48 190 193 195 199 202 204 220 223 225 229 232 234 281
99: 3 7 9 12 16 18 33 37 39 42 46 48 189 193 195 198 202 204 219 223 225 228 232 234 281
100: 5 6 8 9 14 15 17 18 35 36 38 39 44 45 47 48 191 192 194 195 200 201 203 204 221 222 224 225 230 231 233 234 281
101: 3 4 7 9 12 13 16 18 33 34 37 39 42 43 46 48 189 190 193 195 198 199 202 204 219 220 223 225 228 229 232 234 281
102: 5 6 7 8 14 15 16 17 35 36 37 38 44 45 46 47 191 192 193 194 200 201 202 203 221 222 223 224 230 231 232 233 281
103: 2 4 20 22 29 32 34 50 52 59 188 190 206 208 215 218 220 236 238 245 281
104: 1 3 19 21 29 31 33 49 51 59 187 189 205 207 215 217 219 235 237 245 281
105: 2 6 8 20 24 26 29 32 36 38 50 54 56 59 188 192 194 206 210 212 215 218 222 224 236 240 242 245 281
106: 1 5 8 19 23 26 29 31 35 38 49 53 56 59 187 191 194 205 209 212 215 217 221 224 235 239 242 245 281
107: 4 7 9 22 25 27 29 34 37 39 52 55 57 59 190 193 195 208 211 213 215 220 223 225 238 241 243 245 281
108: 3 7 9 21 25 27 29 33 37 39 51 55 57 59 189 193 195 207 211 213 215 219 223 225 237 241 243 245 281
109: 5 6 8 9 23 24 26 27 29 35 36 38 39 53 54 56 57 59 191 192 194 195 209 210 212 213 215 221 222 224 225 239 240 242 243 245 281
110: 3 4 7 9 21 22 25 27 29 33 34 37 39 51 52 55 57 59 189 190 193 195 207 208 211 213 215 219 220 223 225 237 238 241 243 245 281
111: 5 6 7 8 23 24 25 26 29 35 36 37 38 53 54 55 56 59 191 192 193 194 209 210 211 212 215 221 222 223 224 239 240 241 242 245 281
112: 11 13 28 30 41 43 58 60 197 199 214 216 227 229 244 246 281
113: 10 12 28 30 40 42 58 60 196 198 214 216 226 228 244 246 281
114: 11 15 17 28 30 41 45 47 58 60 197 201 203 214 216 227 231 233 244 246 281
115: 10 14 17 28 30 40 44 47 58 60 196 200 203 214 216 226 230 233 244 246 281
116: 13 16 18 28 30 43 46 48 58 60 199 202 204 214 216 229 232 234 244 246 281
117: 12 16 18 28 30 42 46 48 58 60 198 202 204 214 216 228 232 234 244 246 281
118: 14 15 17 18 28 30 44 45 47 48 58 60 200 201 203 204 214 216 230 231 233 234 244 246 281
119: 12 13 16 18 28 30 42 43 46 48 58 60 198 199 202 204 214 216 228 229 232 234 244 246 281
120: 14 15 16 17 28 30 44 45 46 47 58 60 200 201 202 203 214 216 230 231 232 233 244 246 281
121: 19 20 21 22 23 24 25 26 27 29 30 49 50 51 52 53 54 55 56 57 59 60 205 206 207 208 209 210 211 212 213 215 216 235 236 237 238 239 240 241 242 243 245 246 281
122: 10 11 12 13 14 15 16 17 18 28 30 40 41 42 43 44 45 46 47 48 58 60 196 197 198 199 200 201 202 203 204 214 216 226 227 228 229 230 231 232 233 234 244 246 281
123: 19 20 21 22 23 24 25 26 27 28 29 49 50 51 52 53 54 55 56 57 58 59 205 206 207 208 209 210 211 212 213 214 215 235 236 237 238 239 240 241 242 243 244 245 281
124: 2 4 11 13 62 64 71 73 92 188 190 197 199 248 250 257 259 278 281
125: 1 3 10 12 61 63 70 72 92 187 189 196 198 247 249 256 258 278 281
126: 2 6 8 11 15 17 62 66 68 71 75 77 92 188 192 194 197 201 203 248 252 254 257 261 263 278 281
127: 1 5 8 10 14 17 61 65 68 70 74 77 92 187 191 194 196 200 203 247 251 254 256 260 263 278 281
128: 4 7 9 13 16 18 64 67 69 73 76 78 92 190 193 195 199 202 204 250 253 255 259 262 264 278 281
129: 3 7 9 12 16 18 63 67 69 72 76 78 92 189 193 195 198 202 204 249 253 255 258 262 264 278 281
130: 5 6 8 9 14 15 17 18 65 66 68 69 74 75 77 78 92 191 192 194 195 200 201 203 204 251 252 254 255 260 261 263 264 278 281
131: 3 4 7 9 12 13 16 18 63 64 67 69 72 73 76 78 92 189 190 193 195 198 199 202 204 249 250 253 255 258 259 262 264 278 281
132: 5 6 7 8 14 15 16 17 65 66 67 68 74 75 76 77 92 191 192 193 194 200 201 202 203 251 252 253 254 260 261 262 263 278 281
133: 2 4 20 22 29 62 64 80 82 89 92 188 190 206 208 215 248 250 266 268 275 278 281
134: 1 3 19 21 29 61 63 79 81 89 92 187 189 205 207 215 247 249 265 267 275 278 281
135: 2 6 8 20 24 26 29 62 66 68 80 84 86 89 92 188 192 194 206 210 212 215 248 252 254 266 270 272 275 278 281
136: 1 5 8 19 23 26 29 61 65 68 79 83 86 89 92 187 191 194 205 209 212 215 247 251 254 265 269 272 275 278 281
137: 4 7 9 22 25 27 29 64 67 69 82 85 87 89 92 190 193 195 208 211 213 215 250 253 255 268 271 273 275 278 281
138: 3 7 9 21 25 27 29 63 67 69 81 85 87 89 92 189 193 195 207 211 213 215 249 253 255 267 271 273 275 278 281
139: 5 6 8 9 23 24 26 27 29 65 66 68 69 83 84 86 87 89 92 191 192 194 195 209 210 212 213 215 251 252 254 255 269 270 272 273 275 278 281
140: 3 4 7 9 21 22 25 27 29 63 64 67 69 81 82 85 87 89 92 189 190 193 195 207 208 211 213 215 249 250 253 255 267 268 271 273 275 278 281
141: 5 6 7 8 23 24 25 26 29 65 66 67 68 83 84 85 86 89 92 191 192 193 194 209 210 211 212 215 251 252 253 254 269 270 271 272 275 278 281
142: 11 13 28 30 71 73 88 90 92 197 199 214 216 257 259 274 276 278 281
143: 10 12 28 30 70 72 88 90 92 196 198 214 216 256 258 274 276 278 281
144: 11 15 17 28 30 71 75 77 88 90 92 197 201 203 214 216 257 261 263 274 276 278 281
145: 10 14 17 28 30 70 74 77 88 90 92 196 200 203 214 216 256 260 263 274 276 278 281
146: 13 16 18 28 30 73 76 78 88 90 92 199 202 204 214 216 259 262 264 274 276 278 281
147: 12 16 18 28 30 72 76 78 88 90 92 198 202 204 214 216 258 262 264 274 276 278 281
148: 14 15 17 18 28 30 74 75 77 78 88 90 92 200 201 203 204 214 216 260 261 263 264 274 276 278 281
149: 12 13 16 18 28 30 72 73 76 78 88 90 92 198 199 202 204 214 216 258 259 262 264 274 276 278 281
150: 14 15 16 17 28 30 74 75 76 77 88 90 92 200 201 202 203 214 216 260 261 262 263 274 276 278 281
151: 19 20 21 22 23 24 25 26 27 29 30 79 80 81 82 83 84 85 86 87 89 90 92 205 206 207 208 209 210 211 212 213 215 216 265 266 267 268 269 270 271 272 273 275 276 278 281
152: 10 11 12 13 14 15 16 17 18 28 30 70 71 72 73 74 75 76 77 78 88 90 92 196 197 198 199 200 201 202 203 204 214 216 256 257 258 259 260 261 262 263 264 274 276 278 281
153: 19 20 21 22 23 24 25 26 27 28 29 79 80 81 82 83 84 85 86 87 88 89 92 205 206 207 208 209 210 211 212 213 214 215 265 266 267 268 269 270 271 272 273 274 275 278 281
154: 32 34 41 43 91 93 218 220 227 229 277 279 281
155: 31 33 40 42 91 93 217 219 226 228 277 279 281
156: 32 36 38 41 45 47 91 93 218 222 224 227 231 233 277 279 281
157: 31 35 38 40 44 47 91 93 217 221 224 226 230 233 277 279 281
158: 34 37 39 43 46 48 91 93 220 223 225 229 232 234 277 279 281
159: 33 37 39 42 46 48 91 93 219 223 225 228 232 234 277 279 281
160: 35 36 38 39 44 45 47 48 91 93 221 222 224 225 230 231 233 234 277 279 281
161: 33 34 37 39 42 43 46 48 91 93 219 220 223 225 228 229 232 234 277 279 281
162: 35 36 37 38 44 45 46 47 91 93 221 222 223 224 230 231 232 233 277 279 281
163: 32 34 50 52 59 91 93 218 220 236 238 245 277 279 281
164: 31 33 49 51 59 91 93 217 219 235 237 245 277 279 281
165: 32 36 38 50 54 56 59 91 93 218 222 224 236 240 242 245 277 279 281
166: 31 35 38 49 53 56 59 91 93 217 221 224 235 239 242 245 277 279 281
167: 34 37 39 52 55 57 59 91 93 220 223 225 238 241 243 245 277 279 281
168: 33 37 39 51 55 57 59 91 93 219 223 225 237 241 243 245 277 279 281
169: 35 36 38 39 53 54 56 57 59 91 93 221 222 224 225 239 240 242 243 245 277 279 281
170: 33 34 37 39 51 52 55 57 59 91 93 219 220 223 225 237 238 241 243 245 277 279 281
171: 35 36 37 38 53 54 55 56 59 91 93 221 222 223 224 239 240 241 242 245 277 279 281
172: 41 43 58 60 91 93 227 229 244 246 277 279 281
173: 40 42 58 60 91 93 226 228 244 246 277 279 281
174: 41 45 47 58 60 91 93 227 231 233 244 246 277 279 281
175: 40 44 47 58 60 91 93 226 230 233 244 246 277 279 281
176: 43 46 48 58 60 91 93 229 232 234 244 246 277 279 281
177: 42 46 48 58 60 91 93 228 232 234 244 246 277 279 281
178: 44 45 47 48 58 60 91 93 230 231 233 234 244 246 277 279 281
179: 42 43 46 48 58 60 91 93 228 229 232 234 244 246 277 279 281
180: 44 45 46 47 58 60 91 93 230 231 232 233 244 246 277 279 281
181: 49 50 51 52 53 54 55 56 57 59 60 91 93 235 236 237 238 239 240 241 242 243 245 246 277 279 281
182: 40 41 42 43 44 45 46 47 48 58 60 91 93 226 227 228 229 230 231 232 233 234 244 246 277 279 281
183: 49 50 51 52 53 54 55 56 57 58 59 91 93 235 236 237 238 239 240 241 242 243 244 245 277 279 281
184: 61 62 63 64 65 66 67 68 69 70 71 72 73 74 75 76 77 78 79 80 81 82 83 84 85 86 87 88 89 90 92 93 247 248 249 250 251 252 253 254 255 256 257 258 259 260 261 262 263 264 265 266 267 268 269 270 271 272 273 274 275 276 278 279 281
185: 31 32 33 34 35 36 37 38 39 40 41 42 43 44 45 46 47 48 49 50 51 52 53 54 55 56 57 58 59 60 91 93 217 218 219 220 221 222 223 224 225 226 227 228 229 230 231 232 233 234 235 236 237 238 239 240 241 242 243 244 245 246 277 279 281
186: 61 62 63 64 65 66 67 68 69 70 71 72 73 74 75 76 77 78 79 80 81 82 83 84 85 86 87 88 89 90 91 92 247 248 249 250 251 252 253 254 255 256 257 258 259 260 261 262 263 264 265 266 267 268 269 270 271 272 273 274 275 276 277 278 281
187: 95 97 104 106 125 127 134 136 280 282
188: 94 96 103 105 124 126 133 135 280 282
189: 95 99 101 104 108 110 125 129 131 134 138 140 280 282
190: 94 98 101 103 107 110 124 128 131 133 137 140 280 282
191: 97 100 102 106 109 111 127 130 132 136 139 141 280 282
192: 96 100 102 105 109 111 126 130 132 135 139 141 280 282
193: 98 99 101 102 107 108 110 111 128 129 131 132 137 138 140 141 280 282
194: 96 97 100 102 105 106 109 111 126 127 130 132 135 136 139 141 280 282
195: 98 99 100 101 107 108 109 110 128 129 130 131 137 138 139 140 280 282
196: 95 97 113 115 122 125 127 143 145 152 280 282
197: 94 96 112 114 122 124 126 142 144 152 280 282
198: 95 99 101 113 117 119 122 125 129 131 143 147 149 152 280 282
199: 94 98 101 112 116 119 122 124 128 131 142 146 149 152 280 282
200: 97 100 102 115 118 120 122 127 130 132 145 148 150 152 280 282
201: 96 100 102 114 118 120 122 126 130 132 144 148 150 152 280 282
202: 98 99 101 102 116 117 119 120 122 128 129 131 132 146 147 149 150 152 280 282
203: 96 97 100 102 114 115 118 120 122 126 127 130 132 144 145 148 150 152 280 282
204: 98 99 100 101 116 117 118 119 122 128 129 130 131 146 147 148 149 152 280 282
205: 104 106 121 123 134 136 151 153 280 282
206: 103 105 121 123 133 135 151 153 280 282
207: 104 108 110 121 123 134 138 140 151 153 280 282
208: 103 107 110 121 123 133 137 140 151 153 280 282
209: 106 109 111 121 123 136 139 141 151 153 280 282
210: 105 109 111 121 123 135 139 141 151 153 280 282
211: 107 108 110 111 121 123 137 138 140 141 151 153 280 282
212: 105 106 109 111 121 123 135 136 139 141 151 153 280 282
213: 107 108 109 110 121 123 137 138 139 140 151 153 280 282
214: 112 113 114 115 116 117 118 119 120 122 123 142 143 144 145 146 147 148 149 150 152 153 280 282
215: 103 104 105 106 107 108 109 110 111 121 123 133 134 135 136 137 138 139 140 141 151 153 280 282
216: 112 113 114 115 116 117 118 119 120 121 122 142 143 144 145 146 147 148 149 150 151 152 280 282
217: 95 97 104 106 155 157 164 166 185 280 282
218: 94 96 103 105 154 156 163 165 185 280 282
219: 95 99 101 104 108 110 155 159 161 164 168 170 185 280 282
220: 94 98 101 103 107 110 154 158 161 163 167 170 185 280 282
221: 97 100 102 106 109 111 157 160 162 166 169 171 185 280 282
222: 96 100 102 105 109 111 156 160 162 165 169 171 185 280 282
223: 98 99 101 102 107 108 110 111 158 159 161 162 167 168 170 171 185 280 282
224: 96 97 100 102 105 106 109 111 156 157 160 162 165 166 169 171 185 280 282
225: 98 99 100 101 107 108 109 110 158 159 160 161 167 168 169 170 185 280 282
226: 95 97 113 115 122 155 157 173 175 182 185 280 282
227: 94 96 112 114 122 154 156 172 174 182 185 280 282
228: 95 99 101 113 117 119 122 155 159 161 173 177 179 182 185 280 282
229: 94 98 101 112 116 119 122 154 158 161 172 176 179 182 185 280 282
230: 97 100 102 115 118 120 122 157 160 162 175 178 180 182 185 280 282
231: 96 100 102 114 118 120 122 156 160 162 174 178 180 182 185 280 282
232: 98 99 101 102 116 117 119 120 122 158 159 161 162 176 177 179 180 182 185 280 282
233: 96 97 100 102 114 115 118 120 122 156 157 160 162 174 175 178 180 182 185 280 282
234: 98 99 100 101 116 117 118 119 122 158 159 160 161 176 177 178 179 182 185 280 282
235: 104 106 121 123 164 166 181 183 185 280 282
236: 103 105 121 123 163 165 181 183 185 280 282
237: 104 108 110 121 123 164 168 170 181 183 185 280 282
238: 103 107 110 121 123 163 167 170 181 183 185 280 282
239: 106 109 111 121 123 166 169 171 181 183 185 280 282
240: 105 109 111 121 123 165 169 171 181 183 185 280 282
241: 107 108 110 111 121 123 167 168 170 171 181 183 185 280 282
242: 105 106 109 111 121 123 165 166 169 171 181 183 185 280 282
243: 107 108 109 110 121 123 167 168 169 170 181 183 185 280 282
244: 112 113 114 115 116 117 118 119 120 122 123 172 173 174 175 176 177 178 179 180 182 183 185 280 282
245: 103 104 105 106 107 108 109 110 111 121 123 163 164 165 166 167 168 169 170 171 181 183 185 280 282
246: 112 113 114 115 116 117 118 119 120 121 122 172 173 174 175 176 177 178 179 180 181 182 185 280 282
247: 125 127 134 136 184 186 280 282
248: 124 126 133 135 184 186 280 282
249: 125 129 131 134 138 140 184 186 280 282
250: 124 128 131 133 137 140 184 186 280 282
251: 127 130 132 136 139 141 184 186 280 282
252: 126 130 132 135 139 141 184 186 280 282
253: 128 129 131 132 137 138 140 141 184 186 280 282
254: 126 127 130 132 135 136 139 141 184 186 280 282
255: 128 129 130 131 137 138 139 140 184 186 280 282
256: 125 127 143 145 152 184 186 280 282
257: 124 126 142 144 152 184 186 280 282
258: 125 129 131 143 147 149 152 184 186 280 282
259: 124 128 131 142 146 149 152 184 186 280 282
260: 127 130 132 145 148 150 152 184 186 280 282
261: 126 130 132 144 148 150 152 184 186 280 282
262: 128 129 131 132 146 147 149 150 152 184 186 280 282
263: 126 127 130 132 144 145 148 150 152 184 186 280 282
264: 128 129 130 131 146 147 148 149 152 184 186 280 282
265: 134 136 151 153 184 186 280 282
266: 133 135 151 153 184 186 280 282
267: 134 138 140 151 153 184 186 280 282
268: 133 137 140 151 153 184 186 280 282
269: 136 139 141 151 153 184 186 280 282
270: 135 139 141 151 153 184 186 280 282
271: 137 138 140 141 151 153 184 186 280 282
272: 135 136 139 141 151 153 184 186 280 282
273: 137 138 139 140 151 153 184 186 280 282
274: 142 143 144 145 146 147 148 149 150 152 153 184 186 280 282
275: 133 134 135 136 137 138 139 140 141 151 153 184 186 280 282
276: 142 143 144 145 146 147 148 149 150 151 152 184 186 280 282
277: 154 155 156 157 158 159 160 161 162 163 164 165 166 167 168 169 170 171 172 173 174 175 176 177 178 179 180 181 182 183 185 186 280 282
278: 124 125 126 127 128 129 130 131 132 133 134 135 136 137 138 139 140 141 142 143 144 145 146 147 148 149 150 151 152 153 184 186 280 282
279: 154 155 156 157 158 159 160 161 162 163 164 165 166 167 168 169 170 171 172 173 174 175 176 177 178 179 180 181 182 183 184 185 280 282
280: 187 188 189 190 191 192 193 194 195 196 197 198 199 200 201 202 203 204 205 206 207 208 209 210 211 212 213 214 215 216 217 218 219 220 221 222 223 224 225 226 227 228 229 230 231 232 233 234 235 236 237 238 239 240 241 242 243 244 245 246 247 248 249 250 251 252 253 254 255 256 257 258 259 260 261 262 263 264 265 266 267 268 269 270 271 272 273 274 275 276 277 278 279 281 282
281: 94 95 96 97 98 99 100 101 102 103 104 105 106 107 108 109 110 111 112 113 114 115 116 117 118 119 120 121 122 123 124 125 126 127 128 129 130 131 132 133 134 135 136 137 138 139 140 141 142 143 144 145 146 147 148 149 150 151 152 153 154 155 156 157 158 159 160 161 162 163 164 165 166 167 168 169 170 171 172 173 174 175 176 177 178 179 180 181 182 183 184 185 186 280 282
282: 187 188 189 190 191 192 193 194 195 196 197 198 199 200 201 202 203 204 205 206 207 208 209 210 211 212 213 214 215 216 217 218 219 220 221 222 223 224 225 226 227 228 229 230 231 232 233 234 235 236 237 238 239 240 241 242 243 244 245 246 247 248 249 250 251 252 253 254 255 256 257 258 259 260 261 262 263 264 265 266 267 268 269 270 271 272 273 274 275 276 277 278 279 280 281
