1: 2 4 14 16
2: 1 3 13 15
3: 2 6 10 14 18 22
4: 1 5 10 13 17 22
5: 4 8 11 16 20 23
6: 3 7 11 15 19 23
7: 6 9 12 18 21 24
8: 5 9 12 17 21 24
9: 7 8 10 11 12 19 20 22 23 24
10: 3 4 9 11 12 15 16 21 23 24
11: 5 6 9 10 12 17 18 21 22 24
12: 7 8 9 10 11 19 20 21 22 23
13: 2 4 26 28 50
14: 1 3 25 27 50
15: 2 6 10 26 30 34 50
16: 1 5 10 25 29 34 50
17: 4 8 11 28 32 35 50
18: 3 7 11 27 31 35 50
19: 6 9 12 30 33 36 50
20: 5 9 12 29 33 36 50
21: 7 8 10 11 12 31 32 34 35 36 50
22: 3 4 9 11 12 27 28 33 35 36 50
23: 5 6 9 10 12 29 30 33 34 36 50
24: 7 8 9 10 11 31 32 33 34 35 50
25: 14 16 38 40 51
26: 13 15 37 39 51
27: 14 18 22 38 42 46 51
28: 13 17 22 37 41 46 51
29: 16 20 23 40 44 47 51
30: 15 19 23 39 43 47 51
31: 18 21 24 42 45 48 51
32: 17 21 24 41 45 48 51
33: 19 20 22 23 24 43 44 46 47 48 51
34: 15 16 21 23 24 39 40 45 47 48 51
35: 17 18 21 22 24 41 42 45 46 48 51
36: 19 20 21 22 23 43 44 45 46 47 51
37: 26 28 49 52
38: 25 27 49 52
39: 26 30 34 49 52
40: 25 29 34 49 52
41: 28 32 35 49 52
42: 27 31 35 49 52
43: 30 33 36 49 52
44: 29 33 36 49 52
45: 31 32 34 35 36 49 52
46: 27 28 33 35 36 49 52
47: 29 30 33 34 36 49 52
48: 31 32 33 34 35 49 52
49: 37 38 39 40 41 42 43 44 45 46 47 48 50 51 52
50: 13 14 15 16 17 18 19 20 21 22 23 24 49 51 52
51: 25 26 27 28 29 30 31 32 33 34 35 36 49 50 52
52: 37 38 39 40 41 42 43 44 45 46 47 48 49 50 51
