1: 2 4 17 19
2: 1 3 16 18
3: 2 6 12 17 21 27
4: 1 5 12 16 20 27
5: 4 8 13 19 23 28
6: 3 7 13 18 22 28
7: 6 10 14 21 25 29
8: 5 9 14 20 24 29
9: 8 11 15 23 26 30
10: 7 11 15 22 26 30
11: 9 10 12 13 14 15 24 25 27 28 29 30
12: 3 4 11 13 14 15 18 19 26 28 29 30
13: 5 6 11 12 14 15 20 21 26 27 29 30
14: 7 8 11 12 13 15 22 23 26 27 28 30
15: 9 10 11 12 13 14 24 25 26 27 28 29
16: 2 4 32 34 77
17: 1 3 31 33 77
18: 2 6 12 32 36 42 77
19: 1 5 12 31 35 42 77
20: 4 8 13 34 38 43 77
21: 3 7 13 33 37 43 77
22: 6 10 14 36 40 44 77
23: 5 9 14 35 39 44 77
24: 8 11 15 38 41 45 77
25: 7 11 15 37 41 45 77
26: 9 10 12 13 14 15 39 40 42 43 44 45 77
27: 3 4 11 13 14 15 33 34 41 43 44 45 77
28: 5 6 11 12 14 15 35 36 41 42 44 45 77
29: 7 8 11 12 13 15 37 38 41 42 43 45 77
30: 9 10 11 12 13 14 39 40 41 42 43 44 77
31: 17 19 47 49 78
32: 16 18 46 48 78
33: 17 21 27 47 51 57 78
34: 16 20 27 46 50 57 78
35: 19 23 28 49 53 58 78
36: 18 22 28 48 52 58 78
37: 21 25 29 51 55 59 78
38: 20 24 29 50 54 59 78
39: 23 26 30 53 56 60 78
40: 22 26 30 52 56 60 78
41: 24 25 27 28 29 30 54 55 57 58 59 60 78
42: 18 19 26 28 29 30 48 49 56 58 59 60 78
43: 20 21 26 27 29 30 50 51 56 57 59 60 78
44: 22 23 26 27 28 30 52 53 56 57 58 60 78
45: 24 25 26 27 28 29 54 55 56 57 58 59 78
46: 32 34 62 64 79
47: 31 33 61 63 79
48: 32 36 42 62 66 72 79
49: 31 35 42 61 65 72 79
50: 34 38 43 64 68 73 79
51: 33 37 43 63 67 73 79
52: 36 40 44 66 70 74 79
53: 35 39 44 65 69 74 79
54: 38 41 45 68 71 75 79
55: 37 41 45 67 71 75 79
56: 39 40 42 43 44 45 69 70 72 73 74 75 79
57: 33 34 41 43 44 45 63 64 71 73 74 75 79
58: 35 36 41 42 44 45 65 66 71 72 74 75 79
59: 37 38 41 42 43 45 67 68 71 72 73 75 79
60: 39 40 41 42 43 44 69 70 71 72 73 74 79
61: 47 49 76 80
62: 46 48 76 80
63: 47 51 57 76 80
64: 46 50 57 76 80
65: 49 53 58 76 80
66: 48 52 58 76 80
67: 51 55 59 76 80
68: 50 54 59 76 80
69: 53 56 60 76 80
70: 52 56 60 76 80
71: 54 55 57 58 59 60 76 80
72: 48 49 56 58 59 60 76 80
73: 50 51 56 57 59 60 76 80
74: 52 53 56 57 58 60 76 80
75: 54 55 56 57 58 59 76 80
76: 61 62 63 64 65 66 67 68 69 70 71 72 73 74 75 77 78 79 80
77: 16 17 18 19 20 21 22 23 24 25 26 27 28 29 30 76 78 79 80
78: 31 32 33 34 35 36 37 38 39 40 41 42 43 44 45 76 77 79 80
79: 46 47 48 49 50 51 52 53 54 55 56 57 58 59 60 76 77 78 80
80: 61 62 63 64 65 66 67 68 69 70 71 72 73 74 75 76 77 78 79
