1: 2 4 7 9 13 15 18 20 25 27 30 32 36 38 41 43 49 51 54 56 60 62 65 67 72 74 77 79 83 85 88 90
2: 1 3 6 8 12 14 17 19 24 26 29 31 35 37 40 42 48 50 53 55 59 61 64 66 71 73 76 78 82 84 87 89
3: 2 5 7 10 13 16 18 21 25 28 30 33 36 39 41 44 49 52 54 57 60 63 65 68 72 75 77 80 83 86 88 91
4: 1 5 6 10 12 16 17 21 24 28 29 33 35 39 40 44 48 52 53 57 59 63 64 68 71 75 76 80 82 86 87 91
5: 3 4 8 9 14 15 19 20 26 27 31 32 37 38 42 43 50 51 55 56 61 62 66 67 73 74 78 79 84 85 89 90
6: 2 4 11 13 15 22 25 27 34 36 38 45 49 51 58 60 62 69 72 74 81 83 85 92
7: 1 3 11 12 14 22 24 26 34 35 37 45 48 50 58 59 61 69 71 73 81 82 84 92
8: 2 5 11 13 16 22 25 28 34 36 39 45 49 52 58 60 63 69 72 75 81 83 86 92
9: 1 5 11 12 16 22 24 28 34 35 39 45 48 52 58 59 63 69 71 75 81 82 86 92
10: 3 4 11 14 15 22 26 27 34 37 38 45 50 51 58 61 62 69 73 74 81 84 85 92
11: 6 7 8 9 10 17 18 19 20 21 29 30 31 32 33 40 41 42 43 44 53 54 55 56 57 64 65 66 67 68 76 77 78 79 80 87 88 89 90 91
12: 2 4 7 9 23 25 27 30 32 46 49 51 54 56 70 72 74 77 79 93
13: 1 3 6 8 23 24 26 29 31 46 48 50 53 55 70 71 73 76 78 93
14: 2 5 7 10 23 25 28 30 33 46 49 52 54 57 70 72 75 77 80 93
15: 1 5 6 10 23 24 28 29 33 46 48 52 53 57 70 71 75 76 80 93
16: 3 4 8 9 23 26 27 31 32 46 50 51 55 56 70 73 74 78 79 93
17: 2 4 11 23 25 27 34 46 49 51 58 70 72 74 81 93
18: 1 3 11 23 24 26 34 46 48 50 58 70 71 73 81 93
19: 2 5 11 23 25 28 34 46 49 52 58 70 72 75 81 93
20: 1 5 11 23 24 28 34 46 48 52 58 70 71 75 81 93
21: 3 4 11 23 26 27 34 46 50 51 58 70 73 74 81 93
22: 6 7 8 9 10 23 29 30 31 32 33 46 53 54 55 56 57 70 76 77 78 79 80 93
23: 12 13 14 15 16 17 18 19 20 21 22 35 36 37 38 39 40 41 42 43 44 45 59 60 61 62 63 64 65 66 67 68 69 82 83 84 85 86 87 88 89 90 91 92
24: 2 4 7 9 13 15 18 20 47 49 51 54 56 60 62 65 67 94
25: 1 3 6 8 12 14 17 19 47 48 50 53 55 59 61 64 66 94
26: 2 5 7 10 13 16 18 21 47 49 52 54 57 60 63 65 68 94
27: 1 5 6 10 12 16 17 21 47 48 52 53 57 59 63 64 68 94
28: 3 4 8 9 14 15 19 20 47 50 51 55 56 61 62 66 67 94
29: 2 4 11 13 15 22 47 49 51 58 60 62 69 94
30: 1 3 11 12 14 22 47 48 50 58 59 61 69 94
31: 2 5 11 13 16 22 47 49 52 58 60 63 69 94
32: 1 5 11 12 16 22 47 48 52 58 59 63 69 94
33: 3 4 11 14 15 22 47 50 51 58 61 62 69 94
34: 6 7 8 9 10 17 18 19 20 21 47 53 54 55 56 57 64 65 66 67 68 94
35: 2 4 7 9 23 47 49 51 54 56 70 94
36: 1 3 6 8 23 47 48 50 53 55 70 94
37: 2 5 7 10 23 47 49 52 54 57 70 94
38: 1 5 6 10 23 47 48 52 53 57 70 94
39: 3 4 8 9 23 47 50 51 55 56 70 94
40: 2 4 11 23 47 49 51 58 70 94
41: 1 3 11 23 47 48 50 58 70 94
42: 2 5 11 23 47 49 52 58 70 94
43: 1 5 11 23 47 48 52 58 70 94
44: 3 4 11 23 47 50 51 58 70 94
45: 6 7 8 9 10 23 47 53 54 55 56 57 70 94
46: 12 13 14 15 16 17 18 19 20 21 22 47 59 60 61 62 63 64 65 66 67 68 69 94
47: 24 25 26 27 28 29 30 31 32 33 34 35 36 37 38 39 40 41 42 43 44 45 46 71 72 73 74 75 76 77 78 79 80 81 82 83 84 85 86 87 88 89 90 91 92 93
48: 2 4 7 9 13 15 18 20 25 27 30 32 36 38 41 43 95
49: 1 3 6 8 12 14 17 19 24 26 29 31 35 37 40 42 95
50: 2 5 7 10 13 16 18 21 25 28 30 33 36 39 41 44 95
51: 1 5 6 10 12 16 17 21 24 28 29 33 35 39 40 44 95
52: 3 4 8 9 14 15 19 20 26 27 31 32 37 38 42 43 95
53: 2 4 11 13 15 22 25 27 34 36 38 45 95
54: 1 3 11 12 14 22 24 26 34 35 37 45 95
55: 2 5 11 13 16 22 25 28 34 36 39 45 95
56: 1 5 11 12 16 22 24 28 34 35 39 45 95
57: 3 4 11 14 15 22 26 27 34 37 38 45 95
58: 6 7 8 9 10 17 18 19 20 21 29 30 31 32 33 40 41 42 43 44 95
59: 2 4 7 9 23 25 27 30 32 46 95
60: 1 3 6 8 23 24 26 29 31 46 95
61: 2 5 7 10 23 25 28 30 33 46 95
62: 1 5 6 10 23 24 28 29 33 46 95
63: 3 4 8 9 23 26 27 31 32 46 95
64: 2 4 11 23 25 27 34 46 95
65: 1 3 11 23 24 26 34 46 95
66: 2 5 11 23 25 28 34 46 95
67: 1 5 11 23 24 28 34 46 95
68: 3 4 11 23 26 27 34 46 95
69: 6 7 8 9 10 23 29 30 31 32 33 46 95
70: 12 13 14 15 16 17 18 19 20 21 22 35 36 37 38 39 40 41 42 43 44 45 95
71: 2 4 7 9 13 15 18 20 47 95
72: 1 3 6 8 12 14 17 19 47 95
73: 2 5 7 10 13 16 18 21 47 95
74: 1 5 6 10 12 16 17 21 47 95
75: 3 4 8 9 14 15 19 20 47 95
76: 2 4 11 13 15 22 47 95
77: 1 3 11 12 14 22 47 95
78: 2 5 11 13 16 22 47 95
79: 1 5 11 12 16 22 47 95
80: 3 4 11 14 15 22 47 95
81: 6 7 8 9 10 17 18 19 20 21 47 95
82: 2 4 7 9 23 47 95
83: 1 3 6 8 23 47 95
84: 2 5 7 10 23 47 95
85: 1 5 6 10 23 47 95
86: 3 4 8 9 23 47 95
87: 2 4 11 23 47 95
88: 1 3 11 23 47 95
89: 2 5 11 23 47 95
90: 1 5 11 23 47 95
91: 3 4 11 23 47 95
92: 6 7 8 9 10 23 47 95
93: 12 13 14 15 16 17 18 19 20 21 22 47 95
94: 24 25 26 27 28 29 30 31 32 33 34 35 36 37 38 39 40 41 42 43 44 45 46 95
95: 48 49 50 51 52 53 54 55 56 57 58 59 60 61 62 63 64 65 66 67 68 69 70 71 72 73 74 75 76 77 78 79 80 81 82 83 84 85 86 87 88 89 90 91 92 93 94
