1: 2 4 17 19 82 84 97 99
2: 1 3 16 18 81 83 96 98
3: 2 6 12 17 21 27 82 86 92 97 101 107
4: 1 5 12 16 20 27 81 85 92 96 100 107
5: 4 8 13 19 23 28 84 88 93 99 103 108
6: 3 7 13 18 22 28 83 87 93 98 102 108
7: 6 10 14 21 25 29 86 90 94 101 105 109
8: 5 9 14 20 24 29 85 89 94 100 104 109
9: 8 11 15 23 26 30 88 91 95 103 106 110
10: 7 11 15 22 26 30 87 91 95 102 106 110
11: 9 10 12 13 14 15 24 25 27 28 29 30 89 90 92 93 94 95 104 105 107 108 109 110
12: 3 4 11 13 14 15 18 19 26 28 29 30 83 84 91 93 94 95 98 99 106 108 109 110
13: 5 6 11 12 14 15 20 21 26 27 29 30 85 86 91 92 94 95 100 101 106 107 109 110
14: 7 8 11 12 13 15 22 23 26 27 28 30 87 88 91 92 93 95 102 103 106 107 108 110
15: 9 10 11 12 13 14 24 25 26 27 28 29 89 90 91 92 93 94 104 105 106 107 108 109
16: 2 4 32 34 77 82 84 112 114 157
17: 1 3 31 33 77 81 83 111 113 157
18: 2 6 12 32 36 42 77 82 86 92 112 116 122 157
19: 1 5 12 31 35 42 77 81 85 92 111 115 122 157
20: 4 8 13 34 38 43 77 84 88 93 114 118 123 157
21: 3 7 13 33 37 43 77 83 87 93 113 117 123 157
22: 6 10 14 36 40 44 77 86 90 94 116 120 124 157
23: 5 9 14 35 39 44 77 85 89 94 115 119 124 157
24: 8 11 15 38 41 45 77 88 91 95 118 121 125 157
25: 7 11 15 37 41 45 77 87 91 95 117 121 125 157
26: 9 10 12 13 14 15 39 40 42 43 44 45 77 89 90 92 93 94 95 119 120 122 123 124 125 157
27: 3 4 11 13 14 15 33 34 41 43 44 45 77 83 84 91 93 94 95 113 114 121 123 124 125 157
28: 5 6 11 12 14 15 35 36 41 42 44 45 77 85 86 91 92 94 95 115 116 121 122 124 125 157
29: 7 8 11 12 13 15 37 38 41 42 43 45 77 87 88 91 92 93 95 117 118 121 122 123 125 157
30: 9 10 11 12 13 14 39 40 41 42 43 44 77 89 90 91 92 93 94 119 120 121 122 123 124 157
31: 17 19 47 49 78 97 99 127 129 158
32: 16 18 46 48 78 96 98 126 128 158
33: 17 21 27 47 51 57 78 97 101 107 127 131 137 158
34: 16 20 27 46 50 57 78 96 100 107 126 130 137 158
35: 19 23 28 49 53 58 78 99 103 108 129 133 138 158
36: 18 22 28 48 52 58 78 98 102 108 128 132 138 158
37: 21 25 29 51 55 59 78 101 105 109 131 135 139 158
38: 20 24 29 50 54 59 78 100 104 109 130 134 139 158
39: 23 26 30 53 56 60 78 103 106 110 133 136 140 158
40: 22 26 30 52 56 60 78 102 106 110 132 136 140 158
41: 24 25 27 28 29 30 54 55 57 58 59 60 78 104 105 107 108 109 110 134 135 137 138 139 140 158
42: 18 19 26 28 29 30 48 49 56 58 59 60 78 98 99 106 108 109 110 128 129 136 138 139 140 158
43: 20 21 26 27 29 30 50 51 56 57 59 60 78 100 101 106 107 109 110 130 131 136 137 139 140 158
44: 22 23 26 27 28 30 52 53 56 57 58 60 78 102 103 106 107 108 110 132 133 136 137 138 140 158
45: 24 25 26 27 28 29 54 55 56 57 58 59 78 104 105 106 107 108 109 134 135 136 137 138 139 158
46: 32 34 62 64 79 112 114 142 144 159
47: 31 33 61 63 79 111 113 141 143 159
48: 32 36 42 62 66 72 79 112 116 122 142 146 152 159
49: 31 35 42 61 65 72 79 111 115 122 141 145 152 159
50: 34 38 43 64 68 73 79 114 118 123 144 148 153 159
51: 33 37 43 63 67 73 79 113 117 123 143 147 153 159
52: 36 40 44 66 70 74 79 116 120 124 146 150 154 159
53: 35 39 44 65 69 74 79 115 119 124 145 149 154 159
54: 38 41 45 68 71 75 79 118 121 125 148 151 155 159
55: 37 41 45 67 71 75 79 117 121 125 147 151 155 159
56: 39 40 42 43 44 45 69 70 72 73 74 75 79 119 120 122 123 124 125 149 150 152 153 154 155 159
57: 33 34 41 43 44 45 63 64 71 73 74 75 79 113 114 121 123 124 125 143 144 151 153 154 155 159
58: 35 36 41 42 44 45 65 66 71 72 74 75 79 115 116 121 122 124 125 145 146 151 152 154 155 159
59: 37 38 41 42 43 45 67 68 71 72 73 75 79 117 118 121 122 123 125 147 148 151 152 153 155 159
60: 39 40 41 42 43 44 69 70 71 72 73 74 79 119 120 121 122 123 124 149 150 151 152 153 154 159
61: 47 49 76 80 127 129 156 160
62: 46 48 76 80 126 128 156 160
63: 47 51 57 76 80 127 131 137 156 160
64: 46 50 57 76 80 126 130 137 156 160
65: 49 53 58 76 80 129 133 138 156 160
66: 48 52 58 76 80 128 132 138 156 160
67: 51 55 59 76 80 131 135 139 156 160
68: 50 54 59 76 80 130 134 139 156 160
69: 53 56 60 76 80 133 136 140 156 160
70: 52 56 60 76 80 132 136 140 156 160
71: 54 55 57 58 59 60 76 80 134 135 137 138 139 140 156 160
72: 48 49 56 58 59 60 76 80 128 129 136 138 139 140 156 160
73: 50 51 56 57 59 60 76 80 130 131 136 137 139 140 156 160
74: 52 53 56 57 58 60 76 80 132 133 136 137 138 140 156 160
75: 54 55 56 57 58 59 76 80 134 135 136 137 138 139 156 160
76: 61 62 63 64 65 66 67 68 69 70 71 72 73 74 75 77 78 79 80 141 142 143 144 145 146 147 148 149 150 151 152 153 154 155 157 158 159 160
77: 16 17 18 19 20 21 22 23 24 25 26 27 28 29 30 76 78 79 80 96 97 98 99 100 101 102 103 104 105 106 107 108 109 110 156 158 159 160
78: 31 32 33 34 35 36 37 38 39 40 41 42 43 44 45 76 77 79 80 111 112 113 114 115 116 117 118 119 120 121 122 123 124 125 156 157 159 160
79: 46 47 48 49 50 51 52 53 54 55 56 57 58 59 60 76 77 78 80 126 127 128 129 130 131 132 133 134 135 136 137 138 139 140 156 157 158 160
80: 61 62 63 64 65 66 67 68 69 70 71 72 73 74 75 76 77 78 79 141 142 143 144 145 146 147 148 149 150 151 152 153 154 155 156 157 158 159
81: 2 4 17 19 162 164 177 179 402
82: 1 3 16 18 161 163 176 178 402
83: 2 6 12 17 21 27 162 166 172 177 181 187 402
84: 1 5 12 16 20 27 161 165 172 176 180 187 402
85: 4 8 13 19 23 28 164 168 173 179 183 188 402
86: 3 7 13 18 22 28 163 167 173 178 182 188 402
87: 6 10 14 21 25 29 166 170 174 181 185 189 402
88: 5 9 14 20 24 29 165 169 174 180 184 189 402
89: 8 11 15 23 26 30 168 171 175 183 186 190 402
90: 7 11 15 22 26 30 167 171 175 182 186 190 402
91: 9 10 12 13 14 15 24 25 27 28 29 30 169 170 172 173 174 175 184 185 187 188 189 190 402
92: 3 4 11 13 14 15 18 19 26 28 29 30 163 164 171 173 174 175 178 179 186 188 189 190 402
93: 5 6 11 12 14 15 20 21 26 27 29 30 165 166 171 172 174 175 180 181 186 187 189 190 402
94: 7 8 11 12 13 15 22 23 26 27 28 30 167 168 171 172 173 175 182 183 186 187 188 190 402
95: 9 10 11 12 13 14 24 25 26 27 28 29 169 170 171 172 173 174 184 185 186 187 188 189 402
96: 2 4 32 34 77 162 164 192 194 237 402
97: 1 3 31 33 77 161 163 191 193 237 402
98: 2 6 12 32 36 42 77 162 166 172 192 196 202 237 402
99: 1 5 12 31 35 42 77 161 165 172 191 195 202 237 402
100: 4 8 13 34 38 43 77 164 168 173 194 198 203 237 402
101: 3 7 13 33 37 43 77 163 167 173 193 197 203 237 402
102: 6 10 14 36 40 44 77 166 170 174 196 200 204 237 402
103: 5 9 14 35 39 44 77 165 169 174 195 199 204 237 402
104: 8 11 15 38 41 45 77 168 171 175 198 201 205 237 402
105: 7 11 15 37 41 45 77 167 171 175 197 201 205 237 402
106: 9 10 12 13 14 15 39 40 42 43 44 45 77 169 170 172 173 174 175 199 200 202 203 204 205 237 402
107: 3 4 11 13 14 15 33 34 41 43 44 45 77 163 164 171 173 174 175 193 194 201 203 204 205 237 402
108: 5 6 11 12 14 15 35 36 41 42 44 45 77 165 166 171 172 174 175 195 196 201 202 204 205 237 402
109: 7 8 11 12 13 15 37 38 41 42 43 45 77 167 168 171 172 173 175 197 198 201 202 203 205 237 402
110: 9 10 11 12 13 14 39 40 41 42 43 44 77 169 170 171 172 173 174 199 200 201 202 203 204 237 402
111: 17 19 47 49 78 177 179 207 209 238 402
112: 16 18 46 48 78 176 178 206 208 238 402
113: 17 21 27 47 51 57 78 177 181 187 207 211 217 238 402
114: 16 20 27 46 50 57 78 176 180 187 206 210 217 238 402
115: 19 23 28 49 53 58 78 179 183 188 209 213 218 238 402
116: 18 22 28 48 52 58 78 178 182 188 208 212 218 238 402
117: 21 25 29 51 55 59 78 181 185 189 211 215 219 238 402
118: 20 24 29 50 54 59 78 180 184 189 210 214 219 238 402
119: 23 26 30 53 56 60 78 183 186 190 213 216 220 238 402
120: 22 26 30 52 56 60 78 182 186 190 212 216 220 238 402
121: 24 25 27 28 29 30 54 55 57 58 59 60 78 184 185 187 188 189 190 214 215 217 218 219 220 238 402
122: 18 19 26 28 29 30 48 49 56 58 59 60 78 178 179 186 188 189 190 208 209 216 218 219 220 238 402
123: 20 21 26 27 29 30 50 51 56 57 59 60 78 180 181 186 187 189 190 210 211 216 217 219 220 238 402
124: 22 23 26 27 28 30 52 53 56 57 58 60 78 182 183 186 187 188 190 212 213 216 217 218 220 238 402
125: 24 25 26 27 28 29 54 55 56 57 58 59 78 184 185 186 187 188 189 214 215 216 217 218 219 238 402
126: 32 34 62 64 79 192 194 222 224 239 402
127: 31 33 61 63 79 191 193 221 223 239 402
128: 32 36 42 62 66 72 79 192 196 202 222 226 232 239 402
129: 31 35 42 61 65 72 79 191 195 202 221 225 232 239 402
130: 34 38 43 64 68 73 79 194 198 203 224 228 233 239 402
131: 33 37 43 63 67 73 79 193 197 203 223 227 233 239 402
132: 36 40 44 66 70 74 79 196 200 204 226 230 234 239 402
133: 35 39 44 65 69 74 79 195 199 204 225 229 234 239 402
134: 38 41 45 68 71 75 79 198 201 205 228 231 235 239 402
135: 37 41 45 67 71 75 79 197 201 205 227 231 235 239 402
136: 39 40 42 43 44 45 69 70 72 73 74 75 79 199 200 202 203 204 205 229 230 232 233 234 235 239 402
137: 33 34 41 43 44 45 63 64 71 73 74 75 79 193 194 201 203 204 205 223 224 231 233 234 235 239 402
138: 35 36 41 42 44 45 65 66 71 72 74 75 79 195 196 201 202 204 205 225 226 231 232 234 235 239 402
139: 37 38 41 42 43 45 67 68 71 72 73 75 79 197 198 201 202 203 205 227 228 231 232 233 235 239 402
140: 39 40 41 42 43 44 69 70 71 72 73 74 79 199 200 201 202 203 204 229 230 231 232 233 234 239 402
141: 47 49 76 80 207 209 236 240 402
142: 46 48 76 80 206 208 236 240 402
143: 47 51 57 76 80 207 211 217 236 240 402
144: 46 50 57 76 80 206 210 217 236 240 402
145: 49 53 58 76 80 209 213 218 236 240 402
146: 48 52 58 76 80 208 212 218 236 240 402
147: 51 55 59 76 80 211 215 219 236 240 402
148: 50 54 59 76 80 210 214 219 236 240 402
149: 53 56 60 76 80 213 216 220 236 240 402
150: 52 56 60 76 80 212 216 220 236 240 402
151: 54 55 57 58 59 60 76 80 214 215 217 218 219 220 236 240 402
152: 48 49 56 58 59 60 76 80 208 209 216 218 219 220 236 240 402
153: 50 51 56 57 59 60 76 80 210 211 216 217 219 220 236 240 402
154: 52 53 56 57 58 60 76 80 212 213 216 217 218 220 236 240 402
155: 54 55 56 57 58 59 76 80 214 215 216 217 218 219 236 240 402
156: 61 62 63 64 65 66 67 68 69 70 71 72 73 74 75 77 78 79 80 221 222 223 224 225 226 227 228 229 230 231 232 233 234 235 237 238 239 240 402
157: 16 17 18 19 20 21 22 23 24 25 26 27 28 29 30 76 78 79 80 176 177 178 179 180 181 182 183 184 185 186 187 188 189 190 236 238 239 240 402
158: 31 32 33 34 35 36 37 38 39 40 41 42 43 44 45 76 77 79 80 191 192 193 194 195 196 197 198 199 200 201 202 203 204 205 236 237 239 240 402
159: 46 47 48 49 50 51 52 53 54 55 56 57 58 59 60 76 77 78 80 206 207 208 209 210 211 212 213 214 215 216 217 218 219 220 236 237 238 240 402
160: 61 62 63 64 65 66 67 68 69 70 71 72 73 74 75 76 77 78 79 221 222 223 224 225 226 227 228 229 230 231 232 233 234 235 236 237 238 239 402
161: 82 84 97 99 242 244 257 259 403
162: 81 83 96 98 241 243 256 258 403
163: 82 86 92 97 101 107 242 246 252 257 261 267 403
164: 81 85 92 96 100 107 241 245 252 256 260 267 403
165: 84 88 93 99 103 108 244 248 253 259 263 268 403
166: 83 87 93 98 102 108 243 247 253 258 262 268 403
167: 86 90 94 101 105 109 246 250 254 261 265 269 403
168: 85 89 94 100 104 109 245 249 254 260 264 269 403
169: 88 91 95 103 106 110 248 251 255 263 266 270 403
170: 87 91 95 102 106 110 247 251 255 262 266 270 403
171: 89 90 92 93 94 95 104 105 107 108 109 110 249 250 252 253 254 255 264 265 267 268 269 270 403
172: 83 84 91 93 94 95 98 99 106 108 109 110 243 244 251 253 254 255 258 259 266 268 269 270 403
173: 85 86 91 92 94 95 100 101 106 107 109 110 245 246 251 252 254 255 260 261 266 267 269 270 403
174: 87 88 91 92 93 95 102 103 106 107 108 110 247 248 251 252 253 255 262 263 266 267 268 270 403
175: 89 90 91 92 93 94 104 105 106 107 108 109 249 250 251 252 253 254 264 265 266 267 268 269 403
176: 82 84 112 114 157 242 244 272 274 317 403
177: 81 83 111 113 157 241 243 271 273 317 403
178: 82 86 92 112 116 122 157 242 246 252 272 276 282 317 403
179: 81 85 92 111 115 122 157 241 245 252 271 275 282 317 403
180: 84 88 93 114 118 123 157 244 248 253 274 278 283 317 403
181: 83 87 93 113 117 123 157 243 247 253 273 277 283 317 403
182: 86 90 94 116 120 124 157 246 250 254 276 280 284 317 403
183: 85 89 94 115 119 124 157 245 249 254 275 279 284 317 403
184: 88 91 95 118 121 125 157 248 251 255 278 281 285 317 403
185: 87 91 95 117 121 125 157 247 251 255 277 281 285 317 403
186: 89 90 92 93 94 95 119 120 122 123 124 125 157 249 250 252 253 254 255 279 280 282 283 284 285 317 403
187: 83 84 91 93 94 95 113 114 121 123 124 125 157 243 244 251 253 254 255 273 274 281 283 284 285 317 403
188: 85 86 91 92 94 95 115 116 121 122 124 125 157 245 246 251 252 254 255 275 276 281 282 284 285 317 403
189: 87 88 91 92 93 95 117 118 121 122 123 125 157 247 248 251 252 253 255 277 278 281 282 283 285 317 403
190: 89 90 91 92 93 94 119 120 121 122 123 124 157 249 250 251 252 253 254 279 280 281 282 283 284 317 403
191: 97 99 127 129 158 257 259 287 289 318 403
192: 96 98 126 128 158 256 258 286 288 318 403
193: 97 101 107 127 131 137 158 257 261 267 287 291 297 318 403
194: 96 100 107 126 130 137 158 256 260 267 286 290 297 318 403
195: 99 103 108 129 133 138 158 259 263 268 289 293 298 318 403
196: 98 102 108 128 132 138 158 258 262 268 288 292 298 318 403
197: 101 105 109 131 135 139 158 261 265 269 291 295 299 318 403
198: 100 104 109 130 134 139 158 260 264 269 290 294 299 318 403
199: 103 106 110 133 136 140 158 263 266 270 293 296 300 318 403
200: 102 106 110 132 136 140 158 262 266 270 292 296 300 318 403
201: 104 105 107 108 109 110 134 135 137 138 139 140 158 264 265 267 268 269 270 294 295 297 298 299 300 318 403
202: 98 99 106 108 109 110 128 129 136 138 139 140 158 258 259 266 268 269 270 288 289 296 298 299 300 318 403
203: 100 101 106 107 109 110 130 131 136 137 139 140 158 260 261 266 267 269 270 290 291 296 297 299 300 318 403
204: 102 103 106 107 108 110 132 133 136 137 138 140 158 262 263 266 267 268 270 292 293 296 297 298 300 318 403
205: 104 105 106 107 108 109 134 135 136 137 138 139 158 264 265 266 267 268 269 294 295 296 297 298 299 318 403
206: 112 114 142 144 159 272 274 302 304 319 403
207: 111 113 141 143 159 271 273 301 303 319 403
208: 112 116 122 142 146 152 159 272 276 282 302 306 312 319 403
209: 111 115 122 141 145 152 159 271 275 282 301 305 312 319 403
210: 114 118 123 144 148 153 159 274 278 283 304 308 313 319 403
211: 113 117 123 143 147 153 159 273 277 283 303 307 313 319 403
212: 116 120 124 146 150 154 159 276 280 284 306 310 314 319 403
213: 115 119 124 145 149 154 159 275 279 284 305 309 314 319 403
214: 118 121 125 148 151 155 159 278 281 285 308 311 315 319 403
215: 117 121 125 147 151 155 159 277 281 285 307 311 315 319 403
216: 119 120 122 123 124 125 149 150 152 153 154 155 159 279 280 282 283 284 285 309 310 312 313 314 315 319 403
217: 113 114 121 123 124 125 143 144 151 153 154 155 159 273 274 281 283 284 285 303 304 311 313 314 315 319 403
218: 115 116 121 122 124 125 145 146 151 152 154 155 159 275 276 281 282 284 285 305 306 311 312 314 315 319 403
219: 117 118 121 122 123 125 147 148 151 152 153 155 159 277 278 281 282 283 285 307 308 311 312 313 315 319 403
220: 119 120 121 122 123 124 149 150 151 152 153 154 159 279 280 281 282 283 284 309 310 311 312 313 314 319 403
221: 127 129 156 160 287 289 316 320 403
222: 126 128 156 160 286 288 316 320 403
223: 127 131 137 156 160 287 291 297 316 320 403
224: 126 130 137 156 160 286 290 297 316 320 403
225: 129 133 138 156 160 289 293 298 316 320 403
226: 128 132 138 156 160 288 292 298 316 320 403
227: 131 135 139 156 160 291 295 299 316 320 403
228: 130 134 139 156 160 290 294 299 316 320 403
229: 133 136 140 156 160 293 296 300 316 320 403
230: 132 136 140 156 160 292 296 300 316 320 403
231: 134 135 137 138 139 140 156 160 294 295 297 298 299 300 316 320 403
232: 128 129 136 138 139 140 156 160 288 289 296 298 299 300 316 320 403
233: 130 131 136 137 139 140 156 160 290 291 296 297 299 300 316 320 403
234: 132 133 136 137 138 140 156 160 292 293 296 297 298 300 316 320 403
235: 134 135 136 137 138 139 156 160 294 295 296 297 298 299 316 320 403
236: 141 142 143 144 145 146 147 148 149 150 151 152 153 154 155 157 158 159 160 301 302 303 304 305 306 307 308 309 310 311 312 313 314 315 317 318 319 320 403
237: 96 97 98 99 100 101 102 103 104 105 106 107 108 109 110 156 158 159 160 256 257 258 259 260 261 262 263 264 265 266 267 268 269 270 316 318 319 320 403
238: 111 112 113 114 115 116 117 118 119 120 121 122 123 124 125 156 157 159 160 271 272 273 274 275 276 277 278 279 280 281 282 283 284 285 316 317 319 320 403
239: 126 127 128 129 130 131 132 133 134 135 136 137 138 139 140 156 157 158 160 286 287 288 289 290 291 292 293 294 295 296 297 298 299 300 316 317 318 320 403
240: 141 142 143 144 145 146 147 148 149 150 151 152 153 154 155 156 157 158 159 301 302 303 304 305 306 307 308 309 310 311 312 313 314 315 316 317 318 319 403
241: 162 164 177 179 322 324 337 339 404
242: 161 163 176 178 321 323 336 338 404
243: 162 166 172 177 181 187 322 326 332 337 341 347 404
244: 161 165 172 176 180 187 321 325 332 336 340 347 404
245: 164 168 173 179 183 188 324 328 333 339 343 348 404
246: 163 167 173 178 182 188 323 327 333 338 342 348 404
247: 166 170 174 181 185 189 326 330 334 341 345 349 404
248: 165 169 174 180 184 189 325 329 334 340 344 349 404
249: 168 171 175 183 186 190 328 331 335 343 346 350 404
250: 167 171 175 182 186 190 327 331 335 342 346 350 404
251: 169 170 172 173 174 175 184 185 187 188 189 190 329 330 332 333 334 335 344 345 347 348 349 350 404
252: 163 164 171 173 174 175 178 179 186 188 189 190 323 324 331 333 334 335 338 339 346 348 349 350 404
253: 165 166 171 172 174 175 180 181 186 187 189 190 325 326 331 332 334 335 340 341 346 347 349 350 404
254: 167 168 171 172 173 175 182 183 186 187 188 190 327 328 331 332 333 335 342 343 346 347 348 350 404
255: 169 170 171 172 173 174 184 185 186 187 188 189 329 330 331 332 333 334 344 345 346 347 348 349 404
256: 162 164 192 194 237 322 324 352 354 397 404
257: 161 163 191 193 237 321 323 351 353 397 404
258: 162 166 172 192 196 202 237 322 326 332 352 356 362 397 404
259: 161 165 172 191 195 202 237 321 325 332 351 355 362 397 404
260: 164 168 173 194 198 203 237 324 328 333 354 358 363 397 404
261: 163 167 173 193 197 203 237 323 327 333 353 357 363 397 404
262: 166 170 174 196 200 204 237 326 330 334 356 360 364 397 404
263: 165 169 174 195 199 204 237 325 329 334 355 359 364 397 404
264: 168 171 175 198 201 205 237 328 331 335 358 361 365 397 404
265: 167 171 175 197 201 205 237 327 331 335 357 361 365 397 404
266: 169 170 172 173 174 175 199 200 202 203 204 205 237 329 330 332 333 334 335 359 360 362 363 364 365 397 404
267: 163 164 171 173 174 175 193 194 201 203 204 205 237 323 324 331 333 334 335 353 354 361 363 364 365 397 404
268: 165 166 171 172 174 175 195 196 201 202 204 205 237 325 326 331 332 334 335 355 356 361 362 364 365 397 404
269: 167 168 171 172 173 175 197 198 201 202 203 205 237 327 328 331 332 333 335 357 358 361 362 363 365 397 404
270: 169 170 171 172 173 174 199 200 201 202 203 204 237 329 330 331 332 333 334 359 360 361 362 363 364 397 404
271: 177 179 207 209 238 337 339 367 369 398 404
272: 176 178 206 208 238 336 338 366 368 398 404
273: 177 181 187 207 211 217 238 337 341 347 367 371 377 398 404
274: 176 180 187 206 210 217 238 336 340 347 366 370 377 398 404
275: 179 183 188 209 213 218 238 339 343 348 369 373 378 398 404
276: 178 182 188 208 212 218 238 338 342 348 368 372 378 398 404
277: 181 185 189 211 215 219 238 341 345 349 371 375 379 398 404
278: 180 184 189 210 214 219 238 340 344 349 370 374 379 398 404
279: 183 186 190 213 216 220 238 343 346 350 373 376 380 398 404
280: 182 186 190 212 216 220 238 342 346 350 372 376 380 398 404
281: 184 185 187 188 189 190 214 215 217 218 219 220 238 344 345 347 348 349 350 374 375 377 378 379 380 398 404
282: 178 179 186 188 189 190 208 209 216 218 219 220 238 338 339 346 348 349 350 368 369 376 378 379 380 398 404
283: 180 181 186 187 189 190 210 211 216 217 219 220 238 340 341 346 347 349 350 370 371 376 377 379 380 398 404
284: 182 183 186 187 188 190 212 213 216 217 218 220 238 342 343 346 347 348 350 372 373 376 377 378 380 398 404
285: 184 185 186 187 188 189 214 215 216 217 218 219 238 344 345 346 347 348 349 374 375 376 377 378 379 398 404
286: 192 194 222 224 239 352 354 382 384 399 404
287: 191 193 221 223 239 351 353 381 383 399 404
288: 192 196 202 222 226 232 239 352 356 362 382 386 392 399 404
289: 191 195 202 221 225 232 239 351 355 362 381 385 392 399 404
290: 194 198 203 224 228 233 239 354 358 363 384 388 393 399 404
291: 193 197 203 223 227 233 239 353 357 363 383 387 393 399 404
292: 196 200 204 226 230 234 239 356 360 364 386 390 394 399 404
293: 195 199 204 225 229 234 239 355 359 364 385 389 394 399 404
294: 198 201 205 228 231 235 239 358 361 365 388 391 395 399 404
295: 197 201 205 227 231 235 239 357 361 365 387 391 395 399 404
296: 199 200 202 203 204 205 229 230 232 233 234 235 239 359 360 362 363 364 365 389 390 392 393 394 395 399 404
297: 193 194 201 203 204 205 223 224 231 233 234 235 239 353 354 361 363 364 365 383 384 391 393 394 395 399 404
298: 195 196 201 202 204 205 225 226 231 232 234 235 239 355 356 361 362 364 365 385 386 391 392 394 395 399 404
299: 197 198 201 202 203 205 227 228 231 232 233 235 239 357 358 361 362 363 365 387 388 391 392 393 395 399 404
300: 199 200 201 202 203 204 229 230 231 232 233 234 239 359 360 361 362 363 364 389 390 391 392 393 394 399 404
301: 207 209 236 240 367 369 396 400 404
302: 206 208 236 240 366 368 396 400 404
303: 207 211 217 236 240 367 371 377 396 400 404
304: 206 210 217 236 240 366 370 377 396 400 404
305: 209 213 218 236 240 369 373 378 396 400 404
306: 208 212 218 236 240 368 372 378 396 400 404
307: 211 215 219 236 240 371 375 379 396 400 404
308: 210 214 219 236 240 370 374 379 396 400 404
309: 213 216 220 236 240 373 376 380 396 400 404
310: 212 216 220 236 240 372 376 380 396 400 404
311: 214 215 217 218 219 220 236 240 374 375 377 378 379 380 396 400 404
312: 208 209 216 218 219 220 236 240 368 369 376 378 379 380 396 400 404
313: 210 211 216 217 219 220 236 240 370 371 376 377 379 380 396 400 404
314: 212 213 216 217 218 220 236 240 372 373 376 377 378 380 396 400 404
315: 214 215 216 217 218 219 236 240 374 375 376 377 378 379 396 400 404
316: 221 222 223 224 225 226 227 228 229 230 231 232 233 234 235 237 238 239 240 381 382 383 384 385 386 387 388 389 390 391 392 393 394 395 397 398 399 400 404
317: 176 177 178 179 180 181 182 183 184 185 186 187 188 189 190 236 238 239 240 336 337 338 339 340 341 342 343 344 345 346 347 348 349 350 396 398 399 400 404
318: 191 192 193 194 195 196 197 198 199 200 201 202 203 204 205 236 237 239 240 351 352 353 354 355 356 357 358 359 360 361 362 363 364 365 396 397 399 400 404
319: 206 207 208 209 210 211 212 213 214 215 216 217 218 219 220 236 237 238 240 366 367 368 369 370 371 372 373 374 375 376 377 378 379 380 396 397 398 400 404
320: 221 222 223 224 225 226 227 228 229 230 231 232 233 234 235 236 237 238 239 381 382 383 384 385 386 387 388 389 390 391 392 393 394 395 396 397 398 399 404
321: 242 244 257 259 401 405
322: 241 243 256 258 401 405
323: 242 246 252 257 261 267 401 405
324: 241 245 252 256 260 267 401 405
325: 244 248 253 259 263 268 401 405
326: 243 247 253 258 262 268 401 405
327: 246 250 254 261 265 269 401 405
328: 245 249 254 260 264 269 401 405
329: 248 251 255 263 266 270 401 405
330: 247 251 255 262 266 270 401 405
331: 249 250 252 253 254 255 264 265 267 268 269 270 401 405
332: 243 244 251 253 254 255 258 259 266 268 269 270 401 405
333: 245 246 251 252 254 255 260 261 266 267 269 270 401 405
334: 247 248 251 252 253 255 262 263 266 267 268 270 401 405
335: 249 250 251 252 253 254 264 265 266 267 268 269 401 405
336: 242 244 272 274 317 401 405
337: 241 243 271 273 317 401 405
338: 242 246 252 272 276 282 317 401 405
339: 241 245 252 271 275 282 317 401 405
340: 244 248 253 274 278 283 317 401 405
341: 243 247 253 273 277 283 317 401 405
342: 246 250 254 276 280 284 317 401 405
343: 245 249 254 275 279 284 317 401 405
344: 248 251 255 278 281 285 317 401 405
345: 247 251 255 277 281 285 317 401 405
346: 249 250 252 253 254 255 279 280 282 283 284 285 317 401 405
347: 243 244 251 253 254 255 273 274 281 283 284 285 317 401 405
348: 245 246 251 252 254 255 275 276 281 282 284 285 317 401 405
349: 247 248 251 252 253 255 277 278 281 282 283 285 317 401 405
350: 249 250 251 252 253 254 279 280 281 282 283 284 317 401 405
351: 257 259 287 289 318 401 405
352: 256 258 286 288 318 401 405
353: 257 261 267 287 291 297 318 401 405
354: 256 260 267 286 290 297 318 401 405
355: 259 263 268 289 293 298 318 401 405
356: 258 262 268 288 292 298 318 401 405
357: 261 265 269 291 295 299 318 401 405
358: 260 264 269 290 294 299 318 401 405
359: 263 266 270 293 296 300 318 401 405
360: 262 266 270 292 296 300 318 401 405
361: 264 265 267 268 269 270 294 295 297 298 299 300 318 401 405
362: 258 259 266 268 269 270 288 289 296 298 299 300 318 401 405
363: 260 261 266 267 269 270 290 291 296 297 299 300 318 401 405
364: 262 263 266 267 268 270 292 293 296 297 298 300 318 401 405
365: 264 265 266 267 268 269 294 295 296 297 298 299 318 401 405
366: 272 274 302 304 319 401 405
367: 271 273 301 303 319 401 405
368: 272 276 282 302 306 312 319 401 405
369: 271 275 282 301 305 312 319 401 405
370: 274 278 283 304 308 313 319 401 405
371: 273 277 283 303 307 313 319 401 405
372: 276 280 284 306 310 314 319 401 405
373: 275 279 284 305 309 314 319 401 405
374: 278 281 285 308 311 315 319 401 405
375: 277 281 285 307 311 315 319 401 405
376: 279 280 282 283 284 285 309 310 312 313 314 315 319 401 405
377: 273 274 281 283 284 285 303 304 311 313 314 315 319 401 405
378: 275 276 281 282 284 285 305 306 311 312 314 315 319 401 405
379: 277 278 281 282 283 285 307 308 311 312 313 315 319 401 405
380: 279 280 281 282 283 284 309 310 311 312 313 314 319 401 405
381: 287 289 316 320 401 405
382: 286 288 316 320 401 405
383: 287 291 297 316 320 401 405
384: 286 290 297 316 320 401 405
385: 289 293 298 316 320 401 405
386: 288 292 298 316 320 401 405
387: 291 295 299 316 320 401 405
388: 290 294 299 316 320 401 405
389: 293 296 300 316 320 401 405
390: 292 296 300 316 320 401 405
391: 294 295 297 298 299 300 316 320 401 405
392: 288 289 296 298 299 300 316 320 401 405
393: 290 291 296 297 299 300 316 320 401 405
394: 292 293 296 297 298 300 316 320 401 405
395: 294 295 296 297 298 299 316 320 401 405
396: 301 302 303 304 305 306 307 308 309 310 311 312 313 314 315 317 318 319 320 401 405
397: 256 257 258 259 260 261 262 263 264 265 266 267 268 269 270 316 318 319 320 401 405
398: 271 272 273 274 275 276 277 278 279 280 281 282 283 284 285 316 317 319 320 401 405
399: 286 287 288 289 290 291 292 293 294 295 296 297 298 299 300 316 317 318 320 401 405
400: 301 302 303 304 305 306 307 308 309 310 311 312 313 314 315 316 317 318 319 401 405
401: 321 322 323 324 325 326 327 328 329 330 331 332 333 334 335 336 337 338 339 340 341 342 343 344 345 346 347 348 349 350 351 352 353 354 355 356 357 358 359 360 361 362 363 364 365 366 367 368 369 370 371 372 373 374 375 376 377 378 379 380 381 382 383 384 385 386 387 388 389 390 391 392 393 394 395 396 397 398 399 400 402 403 404 405
402: 81 82 83 84 85 86 87 88 89 90 91 92 93 94 95 96 97 98 99 100 101 102 103 104 105 106 107 108 109 110 111 112 113 114 115 116 117 118 119 120 121 122 123 124 125 126 127 128 129 130 131 132 133 134 135 136 137 138 139 140 141 142 143 144 145 146 147 148 149 150 151 152 153 154 155 156 157 158 159 160 401 403 404 405
403: 161 162 163 164 165 166 167 168 169 170 171 172 173 174 175 176 177 178 179 180 181 182 183 184 185 186 187 188 189 190 191 192 193 194 195 196 197 198 199 200 201 202 203 204 205 206 207 208 209 210 211 212 213 214 215 216 217 218 219 220 221 222 223 224 225 226 227 228 229 230 231 232 233 234 235 236 237 238 239 240 401 402 404 405
404: 241 242 243 244 245 246 247 248 249 250 251 252 253 254 255 256 257 258 259 260 261 262 263 264 265 266 267 268 269 270 271 272 273 274 275 276 277 278 279 280 281 282 283 284 285 286 287 288 289 290 291 292 293 294 295 296 297 298 299 300 301 302 303 304 305 306 307 308 309 310 311 312 313 314 315 316 317 318 319 320 401 402 403 405
405: 321 322 323 324 325 326 327 328 329 330 331 332 333 334 335 336 337 338 339 340 341 342 343 344 345 346 347 348 349 350 351 352 353 354 355 356 357 358 359 360 361 362 363 364 365 366 367 368 369 370 371 372 373 374 375 376 377 378 379 380 381 382 383 384 385 386 387 388 389 390 391 392 393 394 395 396 397 398 399 400 401 402 403 404
